
fibre_size: 140  # in microns

ifus:
    monolithic:
        centres: [[0, 0]]
        n_fibres: 1657
        n_ifus: 1
    abuttable_triangle:
        centres: [[-0.75, 0.433012702], [0.75, 0.433012702], [0, -0.866025404]]
        gaps: [[0, 0], [-0.75, -0.433012702], [0.75, -0.433012702], [0, 0.866025404]]
        n_fibres: 1657
        n_ifus: 1

target_list: $LVMCORE_DIR/surveydesign/targets.yaml

telescopes:
    APO-1m:
        diameter: 1.
        f: 5
